2017,05,04
2017,05,05
2017,05,06
2017,05,07
2017,05,08
2017,05,09
2017,05,10
2017,05,11
2017,05,12
2017,05,13
2017,05,14
2017,05,15
2017,05,16
2017,05,17
2017,05,18
2017,05,19
2017,05,20
2017,05,21
2017,05,22
2017,05,23
2017,05,24
2017,05,25
2017,05,26
2017,05,27
2017,05,28
2017,05,29
2017,05,30
2017,05,31
2017,06,01
2017,06,02
2017,06,03
2017,06,04
2017,06,05
2017,06,06
2017,06,07
2017,06,08
2017,06,09
2017,06,10
2017,06,11
2017,06,12
2017,06,13
2017,06,14
2017,06,15
2017,06,16
2017,06,17
2017,06,18
2017,06,19
2017,06,20
2017,06,21
2017,06,22
2017,06,23
2017,06,24
2017,06,25
2017,06,26
2017,06,27
2017,06,28
2017,06,29
2017,06,30
2017,07,01
2017,07,02
2017,07,03
2017,07,04
2017,07,05
2017,07,06
2017,07,07
2017,07,08
2017,07,09
2017,07,10
2017,07,11
2017,07,12
2017,07,13
2017,07,14
2017,07,15
2017,07,16
2017,07,17
2017,07,18
2017,07,19
2017,07,20
2017,07,21
2017,07,22
2017,07,23
2017,07,24
2017,07,25
2017,07,26
2017,07,27
2017,07,28
2017,07,29
2017,07,30
2017,07,31
2017,08,01
2017,08,02
2017,08,03
2017,08,04
2017,08,05
2017,08,06
2017,08,07
2017,08,08
2017,08,09
2017,08,10
2017,08,11
2017,08,12
2017,08,13
2017,08,14
2017,08,15
2017,08,16
2017,08,17
2017,08,18
2017,08,19
2017,08,20
2017,08,21
2017,08,22
2017,08,23
2017,08,24
2017,08,25
2017,08,26
2017,08,27
2017,08,28
2017,08,29
2017,08,30
2018,05,25
2018,05,26
2018,05,27
2018,05,28
2018,05,29
2018,05,30
2018,05,31
2018,06,01
2018,06,02
2018,06,03
2018,06,04
2018,06,05
2018,06,06
2018,06,07
2018,06,08
2018,06,09
2018,06,10
2018,06,11
2018,06,12
2018,06,13
2018,06,14
2018,06,15
2018,06,16
2018,06,17
2018,06,18
2018,06,19
2018,06,20
2018,06,21
2018,06,22
2018,06,23
2018,06,24
2018,06,25
2018,06,26
2018,06,27
2018,06,28
2018,06,29
2018,06,30
2018,07,01
2018,07,02
2018,07,03
2018,07,04
2018,07,05
2018,07,06
2018,07,07
2018,07,08
2018,07,09
2018,07,10
2018,07,11
2018,07,12
2018,07,13
2018,07,14
2018,07,15
2018,07,16
2018,07,17
2018,07,18
2018,07,19
2018,07,20
2018,07,21
2018,07,22
2018,07,23
2018,07,24
2018,07,25
2018,07,26
2018,07,27
2018,07,28
2018,07,29
2018,07,30
2018,07,31
2018,08,01
2018,08,02
2018,08,03
2018,08,04
2018,08,05
2018,08,06
2018,08,07
2018,08,08
2018,08,09
2018,08,10
2018,08,11
2018,08,12
2018,08,13
2018,08,14
2018,08,15
2018,08,16
2018,08,17
2018,08,18
2018,08,19
2018,08,20
2018,08,21
2018,08,22
2018,08,23
2018,08,24
2018,08,25
2018,08,26
2018,08,27
2018,08,28
2018,08,29
2018,08,30
2018,08,31
2018,09,01
2018,09,02
2018,09,03
2018,09,04
2018,09,05
2018,09,06
2018,09,07
2018,09,08
2018,09,09
2018,09,10
2018,09,11
2018,09,12
2018,09,13
2018,09,14
2018,09,15
2018,09,16
2018,09,17
2018,09,18
2018,09,19
2018,09,20
2018,09,21
2018,09,22
2018,09,23
2018,09,24
2018,09,25
2018,09,26
2018,09,27
2018,09,28
2019,06,18
2019,06,19
2019,06,20
2019,06,21
2019,06,22
2019,06,23
2019,06,24
2019,06,25
2019,06,26
2019,06,27
2019,06,28
2019,06,29
2019,06,30
2019,07,01
2019,07,02
2019,07,03
2019,07,04
2019,07,05
2019,07,06
2019,07,07
2019,07,08
2019,07,09
2019,07,10
2019,07,11
2019,07,12
2019,07,13
2019,07,14
2019,07,15
2019,07,16
2019,07,17
2019,07,18
2019,07,19
2019,07,20
2019,07,21
2019,07,22
2019,07,23
2019,07,24
2019,07,25
2019,07,26
2019,07,27
2019,07,28
2019,07,29
2019,07,30
2019,07,31
2019,08,01
2019,08,02
2019,08,03
2019,08,04
2019,08,05
2019,08,06
2019,08,07
2019,08,08
2019,08,09
2019,08,10
2019,08,11
2019,08,12
2019,08,13
2019,08,14
2019,08,15
2019,08,16
2019,08,17
2019,08,18
2019,08,19
2019,08,20
2019,08,21
2019,08,22
2019,08,23
2019,08,24
2019,08,25
2019,08,26
2019,08,27
2019,08,28
2019,08,29
2019,08,30
2019,08,31
2019,09,01
2019,09,02
2019,09,03
2019,09,04
2019,09,05
2019,09,06
2019,09,07
2019,09,08
2019,09,09
2019,09,10
2019,09,11
2019,09,12
2019,09,13
2019,09,14
2019,09,15
2019,09,16
2019,09,17
2019,09,18
2019,09,19
2019,09,20
2019,09,21
2019,09,22
2019,09,23
2019,09,24
2019,09,25
2019,09,26
2019,09,27
2019,09,28
2019,09,29
2019,09,30
2019,10,01
2019,10,02
2019,10,03
2019,10,04
2019,10,05
2020,06,27
2020,06,28
2020,06,29
2020,06,30
2020,07,01
2020,07,02
2020,07,03
2020,07,04
2020,07,05
2020,07,06
2020,07,07
2020,07,08
2020,07,09
2020,07,10
2020,07,11
2020,07,12
2020,07,13
2020,07,14
2020,07,15
2020,07,16
2020,07,17
2020,07,18
2020,07,19
2020,07,20
2020,07,21
2020,07,22
2020,07,23
2020,07,24
2020,07,25
2020,07,26
2020,07,27
2020,07,28
2020,07,29
2020,07,30
2020,07,31
2020,08,01
2020,08,02
2020,08,03
2020,08,04
2020,08,05
2020,08,06
2020,08,07
2020,08,08
2020,08,09
2020,08,10
2020,08,11
2020,08,12
2020,08,13
2020,08,14
2020,08,15
2020,08,16
2020,08,17
2020,08,18
2020,08,19
2020,08,20
2020,08,21
2020,08,22
2020,08,23
2020,08,24
2020,08,25
2020,08,26
2020,08,27
2020,08,28
2020,08,29
2020,08,30
2020,08,31
2020,09,01
2020,09,02
2020,09,03
2020,09,04
2020,09,05
2020,09,06
2020,09,07
2020,09,08
2020,09,09
2020,09,10
2020,09,11
2020,09,12
2020,09,13
2020,09,14
2020,09,15
2020,09,16
2020,09,17
2020,09,18
2020,09,19
2020,09,20
2020,09,21
2020,09,22
2020,09,23
2020,09,24
2020,09,25
2020,09,26
2020,09,27
2020,09,28
2020,09,29
2020,09,30
2020,10,01
2020,10,02
2020,10,03
2020,10,04
2020,10,05
2020,10,06
2020,10,07
2020,10,08
2020,10,09
2021,06,26
2021,06,27
2021,06,28
2021,06,29
2021,06,30
2021,07,01
2021,07,02
2021,07,03
2021,07,04
2021,07,05
2021,07,06
2021,07,07
2021,07,08
2021,07,09
2021,07,10
2021,07,11
2021,07,12
2021,07,13
2021,07,14
2021,07,15
2021,07,16
2021,07,17
2021,07,18
2021,07,19
2021,07,20
2021,07,21
2021,07,22
2021,07,23
2021,07,24
2021,07,25
2021,07,26
2021,07,27
2021,07,28
2021,07,29
2021,07,30
2021,07,31
2021,08,01
2021,08,02
2021,08,03
2021,08,04
2021,08,05
2021,08,06
2021,08,07
2021,08,08
2021,08,09
2021,08,10
2021,08,11
2021,08,12
2021,08,13
2021,08,14
2021,08,15
2021,08,16
2021,08,17
2021,08,18
2021,08,19
2021,08,20
2021,08,21
2021,08,22
2021,08,23
2021,08,24
2021,08,25
2021,08,26
2021,08,27
2021,08,28
2021,08,29
2021,08,30
2021,08,31
2021,09,01
2021,09,02
2021,09,03
2021,09,04
2021,09,05
2021,09,06
2021,09,07
2021,09,08
2021,09,09
2021,09,10
2021,09,11
2021,09,12
2021,09,13
2021,09,14
2021,09,15
2021,09,16
2021,09,17
2021,09,18
2021,09,19
2021,09,20
2021,09,21
2021,09,22
2021,09,23
2021,09,24
2021,09,25
2021,09,26
2021,09,27
2021,09,28
2021,09,29
2021,09,30
2021,10,01
2021,10,02
2021,10,03
2021,10,04
2021,10,05
2021,10,06
2021,10,07
2021,10,08
2021,10,09
2021,10,10
2021,10,11
2021,10,12
2021,10,13
